B000115110029    02        000                                                                012110013100000000000014000800095007500000000000000700000007500800180000000900000018500000070007000000000000001208000007000700000000000000000000000000000012500000000 0000000000000000                              
B000115110029    02        000                                                                022111013007000750080000000850080009000000080007501200000000000000077708881055083300000000000007770000083308882000000010000000205500000000000000000000000012500000000 0000000000000000                              
B000115110029    02        000                                                                032110010000000000000000000000000000000000000000000000000000000000000000000000000000000000000000000000000000000000000000000000000000000000000000000000000012500000000 0000000000000000                              
A000115110029    02        300                                                                012110013100000000000000000000000000000000000000000000000000000000000000000000000000000000000000000000000000000000000000000000000000000000000000000000000012500000000 0000000000000000           2110282111300000000     000          
A000115110029    02        200                                                                012110013100000000000000000000000000000000000000000000000000000000000000000000000000000000000000000000000000000000000000000000980098000000000000000000000012500000000 0000000000000000                       0000000     000          
A000115110029    02        505                                                                012110013100000000000000000000000000000000000000000000000000000000000000000000000000000000000000170000000000000000000000000000000000000000000000000000000012500000000 0000000000000000                       0000000     000          
A000115110029    02        505                                                                022111013000000000000000000000000000000000000000000000000000000000000000000000000000000000000000000000000000000000000000000000000000000000000000000000000012500000000 0000000000000000           2111152111300009000     000          
A000115110029    02        525                                                                022111013000000000000000000000000000000000000000000000000000000000000000000000000000000000000000000000000000000000000000000000000000000000000000000000000012500000000 0000000000000000           2111152111300001000     000          
A000115110029    02        505                                                                022111013000000000080098000850080009009800080007501200980098009800000000000000000000000000000000000000000000000000000000000000000000000000000000000000000012500000000 0000000000000000                       0000000     000          
A000115110029    02        130                                                                012110013100000000000000000000000000000000000000000000000000000000000000000000000000000000000000000000000000000000000000000000000000000000000000000000000012500001400 0000000000000000           2110192110260000000     000          
A000115110029    02        150                                                                012110013100000000000000000000000000000000000000000000000000000000000000000000000000000000000000000000000000000000000000000000000000000000000000000000000012500001000 0000000000000000           2110132110260000000     000          
A000115110029    02        151                                                                012110013100000000000000000000000000000000000000000000000000000000000000000000000000000000000000000000000000000000000000000000000000000000000000000000000012500000200 0000000000000000           2110192110260000000     000          
A000115110029    02        152                                                                012110013100000000000000000000000000000000000000000000000000000000000000000000000000000000000000000000000000000000000000000000000000000000000000000000000012500002150 0000000000000000           2110152110170000000     000          
A000115110029    02        136                                                                012110013100000000000000000000000000000000000000000000000000000000080000000000000000000000000000000000000000000000000000000000000000000000000000000000000012500000000 0000000000000000                       0000000     000          
